0 -26.5651 5.11109 112250
1 -26.5303 5.12206 112010
2 -26.4954 5.13307 111770
3 -26.4603 5.14413 111531
4 -26.4251 5.15523 111291
5 -26.3897 5.16638 111052
6 -26.3542 5.17757 110812
7 -26.3185 5.18881 110573
8 -26.2827 5.2001 110334
9 -26.2467 5.21144 110094
10 -26.2106 5.22282 109855
11 -26.1743 5.23425 109616
12 -26.1378 5.24573 109377
13 -26.1012 5.25725 109137
14 -26.0644 5.26883 108898
15 -26.0274 5.28045 108659
16 -25.9903 5.29212 108420
17 -25.953 5.30384 108181
18 -25.9156 5.31561 107943
19 -25.8779 5.32743 107704
20 -25.8402 5.33931 107465
21 -25.8022 5.35123 107226
22 -25.7641 5.3632 106988
23 -25.7258 5.37522 106749
24 -25.6873 5.3873 106510
25 -25.6486 5.39943 106272
26 -25.6098 5.4116 106033
27 -25.5708 5.42384 105795
28 -25.5316 5.43612 105557
29 -25.4923 5.44846 105318
30 -25.4527 5.46085 105080
31 -25.413 5.47329 104842
32 -25.3731 5.48579 104604
33 -25.333 5.49834 104366
34 -25.2928 5.51095 104128
35 -25.2523 5.52361 103890
36 -25.2117 5.53633 103652
37 -25.1708 5.5491 103414
38 -25.1298 5.56193 103176
39 -25.0886 5.57482 102938
40 -25.0472 5.58776 102701
41 -25.0056 5.60076 102463
42 -24.9638 5.61382 102226
43 -24.9218 5.62694 101988
44 -24.8796 5.64011 101751
45 -24.8372 5.65334 101513
46 -24.7947 5.66663 101276
47 -24.7519 5.67998 101039
48 -24.7089 5.69339 100801
49 -24.6657 5.70686 100564
50 -24.6223 5.72039 100327
51 -24.5786 5.73398 100090
52 -24.5348 5.74763 99853.3
53 -24.4908 5.76135 99616.4
54 -24.4465 5.77512 99379.6
55 -24.4021 5.78896 99142.8
56 -24.3574 5.80286 98906.2
57 -24.3125 5.81683 98669.5
58 -24.2674 5.83086 98433
59 -24.2221 5.84495 98196.5
60 -24.1765 5.8591 97960.1
61 -24.1308 5.87332 97723.7
62 -24.0848 5.88761 97487.4
63 -24.0386 5.90196 97251.2
64 -23.9921 5.91638 97015
65 -23.9454 5.93086 96779
66 -23.8985 5.94541 96542.9
67 -23.8514 5.96003 96307
68 -23.804 5.97472 96071.1
69 -23.7564 5.98947 95835.3
70 -23.7085 6.0043 95599.6
71 -23.6605 6.01919 95364
72 -23.6121 6.03415 95128.4
73 -23.5636 6.04918 94892.9
74 -23.5147 6.06428 94657.4
75 -23.4657 6.07946 94422.1
76 -23.4164 6.0947 94186.8
77 -23.3668 6.11002 93951.6
78 -23.317 6.1254 93716.5
79 -23.2669 6.14086 93481.4
80 -23.2166 6.1564 93246.4
81 -23.166 6.17201 93011.5
82 -23.1152 6.18769 92776.7
83 -23.0641 6.20345 92542
84 -23.0127 6.21928 92307.3
85 -22.9611 6.23519 92072.7
86 -22.9092 6.25117 91838.3
87 -22.8571 6.26723 91603.8
88 -22.8046 6.28337 91369.5
89 -22.7519 6.29958 91135.3
90 -22.699 6.31588 90901.1
91 -22.6457 6.33225 90667
92 -22.5922 6.3487 90433
93 -22.5383 6.36523 90199.1
94 -22.4842 6.38185 89965.3
95 -22.4299 6.39854 89731.6
96 -22.3752 6.41531 89497.9
97 -22.3202 6.43217 89264.4
98 -22.265 6.44911 89030.9
99 -22.2094 6.46613 88797.5
100 -22.1536 6.48324 88564.2
101 -22.0974 6.50043 88331
102 -22.041 6.5177 88097.9
103 -21.9842 6.53506 87864.9
104 -21.9272 6.55251 87632
105 -21.8698 6.57004 87399.2
106 -21.8122 6.58766 87166.4
107 -21.7542 6.60536 86933.8
108 -21.6959 6.62316 86701.3
109 -21.6373 6.64104 86468.8
110 -21.5783 6.65902 86236.5
111 -21.5191 6.67708 86004.3
112 -21.4595 6.69523 85772.1
113 -21.3996 6.71348 85540.1
114 -21.3393 6.73182 85308.1
115 -21.2787 6.75024 85076.3
116 -21.2178 6.76877 84844.6
117 -21.1566 6.78738 84612.9
118 -21.095 6.8061 84381.4
119 -21.033 6.8249 84150
120 -20.9708 6.8438 83918.7
121 -20.9081 6.8628 83687.5
122 -20.8451 6.8819 83456.4
123 -20.7818 6.90109 83225.4
124 -20.7181 6.92038 82994.5
125 -20.6541 6.93977 82763.8
126 -20.5896 6.95926 82533.1
127 -20.5248 6.97885 82302.6
128 -20.4597 6.99854 82072.1
129 -20.3942 7.01834 81841.8
130 -20.3283 7.03823 81611.6
131 -20.262 7.05823 81381.6
132 -20.1953 7.07834 81151.6
133 -20.1283 7.09855 80921.7
134 -20.0608 7.11886 80692
135 -19.993 7.13928 80462.4
136 -19.9248 7.1598 80232.9
137 -19.8562 7.18044 80003.6
138 -19.7871 7.20118 79774.4
139 -19.7177 7.22203 79545.2
140 -19.6479 7.24299 79316.3
141 -19.5777 7.26406 79087.4
142 -19.507 7.28525 78858.7
143 -19.4359 7.30654 78630.1
144 -19.3644 7.32795 78401.6
145 -19.2925 7.34947 78173.3
146 -19.2202 7.37111 77945.1
147 -19.1474 7.39286 77717
148 -19.0742 7.41473 77489.1
149 -19.0005 7.43671 77261.3
150 -18.9264 7.45882 77033.6
151 -18.8519 7.48104 76806.1
152 -18.7769 7.50338 76578.7
153 -18.7014 7.52584 76351.5
154 -18.6255 7.54842 76124.4
155 -18.5492 7.57112 75897.5
156 -18.4723 7.59395 75670.7
157 -18.395 7.6169 75444
158 -18.3172 7.63997 75217.5
159 -18.239 7.66317 74991.1
160 -18.1602 7.6865 74764.9
161 -18.081 7.70995 74538.9
162 -18.0013 7.73353 74313
163 -17.9211 7.75724 74087.2
164 -17.8404 7.78108 73861.6
165 -17.7592 7.80505 73636.2
166 -17.6774 7.82915 73410.9
167 -17.5952 7.85339 73185.8
168 -17.5125 7.87775 72960.8
169 -17.4292 7.90225 72736.1
170 -17.3454 7.92689 72511.4
171 -17.2611 7.95166 72287
172 -17.1762 7.97657 72062.7
173 -17.0908 8.00162 71838.6
174 -17.0048 8.02681 71614.6
175 -16.9183 8.05214 71390.8
176 -16.8313 8.0776 71167.2
177 -16.7437 8.10321 70943.8
178 -16.6555 8.12897 70720.6
179 -16.5667 8.15486 70497.5
180 -16.4774 8.1809 70274.6
181 -16.3875 8.20709 70051.9
182 -16.297 8.23343 69829.4
183 -16.2059 8.25991 69607
184 -16.1143 8.28654 69384.9
185 -16.022 8.31332 69162.9
186 -15.9291 8.34025 68941.2
187 -15.8356 8.36733 68719.6
188 -15.7415 8.39457 68498.2
189 -15.6468 8.42196 68277.1
190 -15.5514 8.44951 68056.1
191 -15.4554 8.47721 67835.3
192 -15.3587 8.50507 67614.7
193 -15.2615 8.53308 67394.4
194 -15.1635 8.56126 67174.2
195 -15.0649 8.5896 66954.3
196 -14.9657 8.61809 66734.5
197 -14.8657 8.64675 66515
198 -14.7651 8.67558 66295.7
199 -14.6638 8.70457 66076.6
200 -14.5618 8.73372 65857.8
201 -14.4592 8.76304 65639.1
202 -14.3558 8.79253 65420.7
203 -14.2517 8.82219 65202.5
204 -14.1469 8.85202 64984.5
205 -14.0414 8.88201 64766.8
206 -13.9351 8.91219 64549.3
207 -13.8281 8.94253 64332
208 -13.7204 8.97305 64115
209 -13.6119 9.00375 63898.2
210 -13.5027 9.03462 63681.7
211 -13.3926 9.06567 63465.4
212 -13.2819 9.0969 63249.3
213 -13.1703 9.1283 63033.5
214 -13.058 9.1599 62818
215 -12.9448 9.19167 62602.7
216 -12.8309 9.22362 62387.7
217 -12.7162 9.25576 62172.9
218 -12.6006 9.28809 61958.4
219 -12.4842 9.32061 61744.2
220 -12.367 9.35331 61530.2
221 -12.249 9.3862 61316.5
222 -12.13 9.41928 61103.1
223 -12.0103 9.45255 60890
224 -11.8897 9.48602 60677.1
225 -11.7682 9.51968 60464.5
226 -11.6458 9.55353 60252.3
227 -11.5225 9.58758 60040.3
228 -11.3984 9.62183 59828.6
229 -11.2733 9.65627 59617.2
230 -11.1473 9.69092 59406.1
231 -11.0204 9.72576 59195.3
232 -10.8926 9.76081 58984.8
233 -10.7638 9.79606 58774.6
234 -10.634 9.83151 58564.7
235 -10.5033 9.86717 58355.1
236 -10.3717 9.90303 58145.9
237 -10.239 9.93911 57937
238 -10.1054 9.97538 57728.4
239 -9.97075 10.0119 57520.2
240 -9.83511 10.0486 57312.2
241 -9.69845 10.0855 57104.6
242 -9.56076 10.1226 56897.4
243 -9.42204 10.1599 56690.5
244 -9.28226 10.1975 56484
245 -9.14143 10.2353 56277.8
246 -8.99953 10.2732 56071.9
247 -8.85655 10.3114 55866.4
248 -8.71248 10.3498 55661.3
249 -8.56731 10.3885 55456.6
250 -8.42102 10.4273 55252.2
251 -8.27362 10.4664 55048.2
252 -8.12508 10.5057 54844.6
253 -7.9754 10.5452 54641.3
254 -7.82456 10.585 54438.5
255 -7.67256 10.625 54236
256 -7.51938 10.6651 54034
257 -7.36501 10.7056 53832.3
258 -7.20943 10.7462 53631.1
259 -7.05265 10.7871 53430.3
260 -6.89464 10.8282 53229.8
261 -6.73539 10.8695 53029.9
262 -6.57489 10.9111 52830.3
263 -6.41314 10.9529 52631.1
264 -6.2501 10.9949 52432.4
265 -6.08579 11.0372 52234.2
266 -5.92017 11.0797 52036.4
267 -5.75324 11.1224 51839
268 -5.58499 11.1653 51642.1
269 -5.41541 11.2085 51445.6
270 -5.24447 11.2519 51249.7
271 -5.07217 11.2956 51054.2
272 -4.89849 11.3395 50859.1
273 -4.72343 11.3836 50664.6
274 -4.54696 11.428 50470.5
275 -4.36907 11.4726 50277
276 -4.18976 11.5174 50083.9
277 -4.009 11.5624 49891.3
278 -3.82678 11.6077 49699.3
279 -3.64309 11.6533 49507.7
280 -3.45792 11.6991 49316.7
281 -3.27125 11.7451 49126.3
282 -3.08306 11.7913 48936.3
283 -2.89334 11.8378 48746.9
284 -2.70208 11.8845 48558.1
285 -2.50927 11.9314 48369.8
286 -2.31488 11.9786 48182
287 -2.1189 12.026 47994.9
288 -1.92132 12.0737 47808.3
289 -1.72213 12.1215 47622.3
290 -1.5213 12.1696 47436.8
291 -1.31883 12.218 47252
292 -1.11469 12.2665 47067.8
293 -0.908878 12.3153 46884.2
294 -0.701371 12.3644 46701.2
295 -0.492155 12.4136 46518.8
296 -0.281216 12.4631 46337
297 -0.0685363 12.5128 46155.9
298 0.145898 12.5627 45975.5
299 0.362104 12.6128 45795.6
300 0.580097 12.6632 45616.5
301 0.799892 12.7137 45438
302 1.02151 12.7645 45260.2
303 1.24495 12.8155 45083.1
304 1.47025 12.8667 44906.7
305 1.69742 12.9182 44731
306 1.92647 12.9698 44555.9
307 2.15742 13.0216 44381.7
308 2.39028 13.0736 44208.1
309 2.62507 13.1259 44035.3
310 2.86181 13.1783 43863.2
311 3.10051 13.2309 43691.8
312 3.3412 13.2837 43521.3
313 3.58388 13.3367 43351.5
314 3.82857 13.3899 43182.4
315 4.07528 13.4432 43014.2
316 4.32404 13.4967 42846.8
317 4.57487 13.5504 42680.1
318 4.82776 13.6043 42514.3
319 5.08275 13.6583 42349.3
320 5.33985 13.7125 42185.2
321 5.59907 13.7668 42021.9
322 5.86042 13.8213 41859.4
323 6.12394 13.876 41697.8
324 6.38962 13.9307 41537.1
325 6.65749 13.9856 41377.3
326 6.92755 14.0407 41218.4
327 7.19984 14.0958 41060.4
328 7.47435 14.1511 40903.3
329 7.75111 14.2064 40747.1
330 8.03013 14.2619 40591.9
331 8.31142 14.3175 40437.6
332 8.595 14.3731 40284.3
333 8.88089 14.4289 40131.9
334 9.16909 14.4847 39980.6
335 9.45962 14.5406 39830.2
336 9.75249 14.5965 39680.8
337 10.0477 14.6525 39532.5
338 10.3453 14.7086 39385.2
339 10.6453 14.7647 39238.9
340 10.9477 14.8208 39093.7
341 11.2524 14.8769 38949.5
342 11.5596 14.933 38806.4
343 11.8692 14.9892 38664.4
344 12.1813 15.0453 38523.5
345 12.4958 15.1014 38383.7
346 12.8128 15.1574 38245
347 13.1322 15.2135 38107.5
348 13.4541 15.2694 37971.1
349 13.7785 15.3253 37835.9
350 14.1054 15.3812 37701.8
351 14.4347 15.4369 37568.9
352 14.7666 15.4926 37437.3
353 15.101 15.5481 37306.8
354 15.4379 15.6036 37177.6
355 15.7774 15.6589 37049.6
356 16.1193 15.714 36922.8
357 16.4638 15.769 36797.3
358 16.8108 15.8238 36673.1
359 17.1604 15.8784 36550.2
360 17.5125 15.9328 36428.5
361 17.8671 15.987 36308.2
362 18.2243 16.041 36189.2
363 18.584 16.0948 36071.6
364 18.9463 16.1482 35955.3
365 19.311 16.2014 35840.4
366 19.6784 16.2544 35726.8
367 20.0482 16.307 35614.7
368 20.4205 16.3593 35503.9
369 20.7954 16.4112 35394.6
370 21.1728 16.4628 35286.7
371 21.5527 16.5141 35180.2
372 21.9351 16.5649 35075.2
373 22.3199 16.6154 34971.7
374 22.7073 16.6654 34869.7
375 23.097 16.715 34769.1
376 23.4893 16.7642 34670.1
377 23.884 16.8128 34572.6
378 24.281 16.861 34476.7
379 24.6805 16.9087 34382.2
380 25.0824 16.9559 34289.4
381 25.4866 17.0025 34198.1
382 25.8932 17.0486 34108.4
383 26.3021 17.0941 34020.3
384 26.7133 17.139 33933.9
385 27.1268 17.1833 33849
386 27.5426 17.227 33765.8
387 27.9605 17.27 33684.2
388 28.3807 17.3124 33604.3
389 28.8031 17.354 33526.1
390 29.2276 17.395 33449.6
391 29.6542 17.4353 33374.7
392 30.0829 17.4748 33301.6
393 30.5136 17.5136 33230.2
394 30.9464 17.5516 33160.5
395 31.3811 17.5888 33092.6
396 31.8178 17.6252 33026.4
397 32.2564 17.6607 32962
398 32.6969 17.6955 32899.3
399 33.1392 17.7294 32838.4
400 33.5832 17.7624 32779.4
401 34.029 17.7945 32722.1
402 34.4766 17.8257 32666.6
403 34.9257 17.856 32613
404 35.3765 17.8854 32561.2
405 35.8288 17.9138 32511.2
406 36.2826 17.9413 32463.1
407 36.7379 17.9678 32416.9
408 37.1946 17.9932 32372.5
409 37.6527 18.0177 32329.9
410 38.1121 18.0412 32289.3
411 38.5727 18.0636 32250.5
412 39.0345 18.085 32213.7
413 39.4974 18.1053 32178.7
414 39.9615 18.1246 32145.7
415 40.4265 18.1428 32114.5
416 40.8926 18.1599 32085.3
417 41.3595 18.1759 32058
418 41.8273 18.1908 32032.6
419 42.2959 18.2046 32009.2
420 42.7652 18.2172 31987.7
421 43.2352 18.2288 31968.1
422 43.7058 18.2392 31950.5
423 44.1769 18.2485 31934.8
424 44.6485 18.2566 31921.1
425 45.1206 18.2635 31909.3
426 45.5929 18.2694 31899.5
427 46.0656 18.274 31891.6
428 46.5385 18.2775 31885.7
429 47.0116 18.2799 31881.8
430 47.4847 18.281 31879.8
431 47.9579 18.2811 31879.8
432 48.4311 18.2799 31881.7
433 48.9042 18.2776 31885.6
434 49.3771 18.2741 31891.5
435 49.8498 18.2695 31899.3
436 50.3222 18.2637 31909.1
437 50.7942 18.2567 31920.8
438 51.2658 18.2486 31934.5
439 51.737 18.2394 31950.1
440 52.2076 18.229 31967.7
441 52.6776 18.2175 31987.2
442 53.1469 18.2048 32008.7
443 53.6155 18.1911 32032.1
444 54.0833 18.1762 32057.5
445 54.5503 18.1602 32084.7
446 55.0163 18.1431 32113.9
447 55.4814 18.125 32145
448 55.9455 18.1057 32178
449 56.4084 18.0854 32212.9
450 56.8703 18.0641 32249.8
451 57.3309 18.0416 32288.5
452 57.7903 18.0182 32329.1
453 58.2484 17.9938 32371.6
454 58.7051 17.9683 32415.9
455 59.1604 17.9418 32462.1
456 59.6143 17.9144 32510.2
457 60.0666 17.886 32560.2
458 60.5174 17.8567 32611.9
459 60.9666 17.8264 32665.5
460 61.4142 17.7952 32720.9
461 61.86 17.7631 32778.2
462 62.3041 17.7301 32837.2
463 62.7465 17.6962 32898
464 63.1869 17.6615 32960.7
465 63.6256 17.6259 33025
466 64.0623 17.5895 33091.2
467 64.4971 17.5523 33159.1
468 64.9299 17.5143 33228.7
469 65.3607 17.4756 33300.1
470 65.7894 17.4361 33373.2
471 66.2161 17.3958 33448
472 66.6406 17.3549 33524.5
473 67.063 17.3132 33602.7
474 67.4832 17.2709 33682.6
475 67.9013 17.2279 33764.1
476 68.3171 17.1842 33847.3
477 68.7306 17.1399 33932.1
478 69.1419 17.095 34018.5
479 69.5508 17.0495 34106.6
480 69.9574 17.0035 34196.3
481 70.3617 16.9569 34287.5
482 70.7636 16.9097 34380.3
483 71.1632 16.862 34474.7
484 71.5603 16.8138 34570.6
485 71.955 16.7652 34668.1
486 72.3473 16.716 34767.1
487 72.7372 16.6664 34867.6
488 73.1245 16.6164 34969.6
489 73.5095 16.566 35073.1
490 73.8919 16.5151 35178.1
491 74.2718 16.4639 35284.5
492 74.6493 16.4123 35392.4
493 75.0242 16.3603 35501.7
494 75.3966 16.308 35612.4
495 75.7665 16.2554 35724.5
496 76.1338 16.2025 35838
497 76.4987 16.1493 35952.9
498 76.861 16.0959 36069.2
499 77.2207 16.0421 36186.8
500 77.578 15.9882 36305.8
501 77.9327 15.934 36426
502 78.2848 15.8795 36547.7
503 78.6344 15.8249 36670.6
504 78.9815 15.7701 36794.7
505 79.326 15.7151 36920.2
506 79.668 15.66 37046.9
507 80.0075 15.6047 37174.9
508 80.3445 15.5493 37304.1
509 80.6789 15.4937 37434.6
510 81.0109 15.4381 37566.2
511 81.3403 15.3823 37699.1
512 81.6672 15.3265 37833.1
513 81.9917 15.2706 37968.3
514 82.3136 15.2146 38104.7
515 82.6331 15.1586 38242.2
516 82.9501 15.1025 38380.8
517 83.2647 15.0464 38520.6
518 83.5768 14.9903 38661.5
519 83.8864 14.9342 38803.5
520 84.1937 14.878 38946.5
521 84.4985 14.8219 39090.7
522 84.8009 14.7658 39235.9
523 85.1009 14.7097 39382.2
524 85.3986 14.6537 39529.5
525 85.6939 14.5977 39677.8
526 85.9868 14.5417 39827.1
527 86.2774 14.4859 39977.5
528 86.5656 14.43 40128.8
529 86.8515 14.3743 40281.2
530 87.1352 14.3186 40434.5
531 87.4165 14.2631 40588.7
532 87.6956 14.2076 40743.9
533 87.9724 14.1522 40900.1
534 88.2469 14.0969 41057.2
535 88.5193 14.0418 41215.1
536 88.7894 13.9868 41374.1
537 89.0573 13.9319 41533.9
538 89.323 13.8771 41694.5
539 89.5866 13.8225 41856.1
540 89.848 13.768 42018.5
541 90.1071 13.7136 42181.8
542 90.3642 13.6594 42345.9
543 90.6193 13.6054 42510.9
544 90.8722 13.5515 42676.7
545 91.1231 13.4978 42843.3
546 91.3719 13.4443 43010.7
547 91.6186 13.391 43179
548 91.8634 13.3378 43348
549 92.1061 13.2848 43517.8
550 92.3468 13.232 43688.3
551 92.5856 13.1794 43859.6
552 92.8223 13.1269 44031.7
553 93.0572 13.0747 44204.5
554 93.2901 13.0227 44378.1
555 93.5211 12.9708 44552.4
556 93.7501 12.9192 44727.4
557 93.9773 12.8678 44903.1
558 94.2027 12.8166 45079.5
559 94.4262 12.7656 45256.6
560 94.6478 12.7148 45434.4
561 94.8677 12.6642 45612.8
562 95.0857 12.6138 45792
563 95.3019 12.5637 45971.8
564 95.5164 12.5138 46152.2
565 95.7291 12.4641 46333.3
566 95.9401 12.4146 46515
567 96.1493 12.3654 46697.4
568 96.3569 12.3163 46880.4
569 96.5627 12.2675 47064
570 96.7669 12.219 47248.2
571 96.9694 12.1706 47433
572 97.1703 12.1225 47618.4
573 97.3695 12.0746 47804.4
574 97.5671 12.027 47991
575 97.7631 11.9796 48178.2
576 97.9575 11.9324 48365.9
577 98.1504 11.8854 48554.2
578 98.3417 11.8387 48743
579 98.5314 11.7923 48932.4
580 98.7196 11.746 49122.4
581 98.9063 11.7 49312.8
582 99.0916 11.6542 49503.8
583 99.2753 11.6087 49695.3
584 99.4575 11.5634 49887.4
585 99.6383 11.5183 50079.9
586 99.8177 11.4735 50273
587 99.9956 11.4289 50466.5
588 100.172 11.3845 50660.6
589 100.347 11.3404 50855.1
590 100.521 11.2965 51050.1
591 100.693 11.2528 51245.6
592 100.864 11.2094 51441.6
593 101.034 11.1662 51638.1
594 101.202 11.1233 51835