0 51.3402 4.46499 64226.2
1 51.3601 4.47884 64028
2 51.38 4.4798 63828.7
3 51.4001 4.48077 63629.4
4 51.4203 4.48175 63430.1
5 51.4406 4.48273 63230.9
6 51.4611 4.48371 63031.6
7 51.4816 4.4847 62832.4
8 51.5024 4.4857 62633.1
9 51.5232 4.4867 62433.9
10 51.5442 4.48771 62234.7
11 51.5653 4.48873 62035.5
12 51.5866 4.48975 61836.2
13 51.608 4.49077 61637
14 51.6295 4.49181 61437.9
15 51.6511 4.49284 61238.7
16 51.673 4.49389 61039.5
17 51.6949 4.49494 60840.3
18 51.717 4.496 60641.2
19 51.7393 4.49706 60442
20 51.7616 4.49813 60242.9
21 51.7842 4.49921 60043.8
22 51.8069 4.50029 59844.6
23 51.8297 4.50138 59645.5
24 51.8527 4.50247 59446.4
25 51.8759 4.50358 59247.3
26 51.8992 4.50468 59048.3
27 51.9226 4.5058 58849.2
28 51.9462 4.50692 58650.1
29 51.97 4.50805 58451.1
30 51.994 4.50919 58252
31 52.0181 4.51033 58053
32 52.0424 4.51148 57854
33 52.0668 4.51264 57655
34 52.0914 4.5138 57456
35 52.1162 4.51498 57257
36 52.1412 4.51616 57058
37 52.1663 4.51734 56859
38 52.1916 4.51854 56660.1
39 52.2171 4.51974 56461.1
40 52.2427 4.52095 56262.2
41 52.2686 4.52216 56063.3
42 52.2946 4.52339 55864.3
43 52.3208 4.52462 55665.4
44 52.3473 4.52586 55466.6
45 52.3738 4.52711 55267.7
46 52.4006 4.52837 55068.8
47 52.4276 4.52963 54870
48 52.4548 4.5309 54671.1
49 52.4822 4.53219 54472.3
50 52.5098 4.53348 54273.5
51 52.5375 4.53477 54074.7
52 52.5655 4.53608 53875.9
53 52.5937 4.53739 53677.1
54 52.6221 4.53872 53478.3
55 52.6507 4.54005 53279.6
56 52.6796 4.54139 53080.9
57 52.7086 4.54274 52882.1
58 52.7379 4.5441 52683.4
59 52.7674 4.54547 52484.7
60 52.7971 4.54685 52286
61 52.827 4.54823 52087.4
62 52.8572 4.54963 51888.7
63 52.8876 4.55103 51690.1
64 52.9182 4.55245 51491.4
65 52.9491 4.55387 51292.8
66 52.9802 4.55531 51094.2
67 53.0116 4.55675 50895.7
68 53.0432 4.55821 50697.1
69 53.075 4.55967 50498.5
70 53.1071 4.56114 50300
71 53.1171 4.57932 50100.8
72 53.1043 4.58908 49901.2
73 53.0914 4.59892 49701.5
74 53.0785 4.60884 49501.9
75 53.0654 4.61885 49302.3
76 53.0522 4.62893 49102.6
77 53.0389 4.63909 48903
78 53.0255 4.64934 48703.4
79 53.012 4.65968 48503.7
80 52.9984 4.67009 48304.1
81 52.9847 4.6806 48104.5
82 52.9708 4.69119 47904.9
83 52.9568 4.70187 47705.3
84 52.9428 4.71264 47505.7
85 52.9286 4.7235 47306.1
86 52.9142 4.73445 47106.5
87 52.8998 4.74549 46906.9
88 52.8852 4.75663 46707.4
89 52.8705 4.76786 46507.8
90 52.8557 4.77919 46308.2
91 52.8407 4.79062 46108.6
92 52.8257 4.80215 45909.1
93 52.8104 4.81377 45709.5
94 52.7951 4.8255 45510
95 52.7796 4.83733 45310.4
96 52.764 4.84927 45110.9
97 52.7482 4.86131 44911.4
98 52.7323 4.87346 44711.8
99 52.7163 4.88572 44512.3
100 52.7001 4.89808 44312.8
101 52.6837 4.91056 44113.3
102 52.6672 4.92315 43913.8
103 52.6506 4.93586 43714.3
104 52.6338 4.94868 43514.8
105 52.6169 4.96162 43315.3
106 52.5998 4.97468 43115.8
107 52.5825 4.98786 42916.3
108 52.5651 5.00116 42716.9
109 52.5475 5.01459 42517.4
110 52.5297 5.02814 42317.9
111 52.5118 5.04182 42118.5
112 52.4937 5.05564 41919
113 52.4754 5.06958 41719.6
114 52.457 5.08365 41520.2
115 52.4384 5.09786 41320.7
116 52.4196 5.11221 41121.3
117 52.4006 5.1267 40921.9
118 52.3814 5.14133 40722.5
119 52.362 5.1561 40523.1
120 52.3425 5.17102 40323.7
121 52.3227 5.18609 40124.3
122 52.3027 5.2013 39925
123 52.2826 5.21667 39725.6
124 52.2622 5.23219 39526.2
125 52.2417 5.24787 39326.9
126 52.2209 5.26371 39127.6
127 52.1999 5.27971 38928.2
128 52.1787 5.29587 38728.9
129 52.1572 5.3122 38529.6
130 52.1356 5.3287 38330.3
131 52.1137 5.34537 38131
132 52.0916 5.36221 37931.7
133 52.0692 5.37923 37732.4
134 52.0467 5.39644 37533.1
135 52.0238 5.41382 37333.9
136 52.0008 5.43139 37134.6
137 51.9774 5.44915 36935.4
138 51.9539 5.4671 36736.1
139 51.93 5.48525 36536.9
140 51.9059 5.50359 36337.7
141 51.8815 5.52213 36138.5
142 51.8569 5.54088 35939.3
143 51.832 5.55984 35740.1
144 51.8068 5.57901 35540.9
145 51.7813 5.59839 35341.8
146 51.7555 5.61799 35142.6
147 51.7295 5.63782 34943.5
148 51.7031 5.65787 34744.3
149 51.6764 5.67815 34545.2
150 51.6494 5.69866 34346.1
151 51.6221 5.71942 34147
152 51.5945 5.74041 33947.9
153 51.5666 5.76165 33748.9
154 51.5383 5.78314 33549.8
155 51.5096 5.80489 33350.8
156 51.4807 5.8269 33151.7
157 51.4513 5.84917 32952.7
158 51.4217 5.87171 32753.7
159 51.3916 5.89452 32554.7
160 51.3612 5.91761 32355.8
161 51.3304 5.94099 32156.8
162 51.2992 5.96465 31957.9
163 51.2676 5.98862 31758.9
164 51.2356 6.01288 31560
165 51.2032 6.03744 31361.1
166 51.1704 6.06232 31162.2
167 51.1372 6.08752 30963.4
168 51.1035 6.11304 30764.5
169 51.0694 6.13889 30565.7
170 51.0349 6.16507 30366.9
171 50.9999 6.1916 30168.1
172 50.9644 6.21848 29969.3
173 50.9284 6.24571 29770.5
174 50.892 6.27331 29571.8
175 50.855 6.30128 29373
176 50.8176 6.32963 29174.3
177 50.7796 6.35836 28975.7
178 50.7411 6.38749 28777
179 50.7021 6.41702 28578.3
180 50.6625 6.44696 28379.7
181 50.6224 6.47732 28181.1
182 50.5816 6.5081 27982.5
183 50.5403 6.53933 27784
184 50.4984 6.571 27585.4
185 50.4559 6.60312 27386.9
186 50.4127 6.63571 27188.4
187 50.3689 6.66878 26990
188 50.3245 6.70233 26791.5
189 50.2794 6.73638 26593.1
190 50.2336 6.77093 26394.7
191 50.1871 6.80601 26196.4
192 50.1398 6.84161 25998
193 50.0919 6.87776 25799.7
194 50.0432 6.91446 25601.4
195 49.9937 6.95173 25403.2
196 49.9435 6.98959 25205
197 49.8924 7.02803 25006.8
198 49.8405 7.06709 24808.6
199 49.7878 7.10677 24610.5
200 49.7342 7.14708 24412.4
201 49.6797 7.18805 24214.4
202 49.6243 7.22969 24016.3
203 49.568 7.27201 23818.3
204 49.5107 7.31504 23620.4
205 49.4525 7.35879 23422.5
206 49.4348 7.42194 23224.3
207 49.4595 7.44819 23024.2
208 49.4847 7.4749 22824.1
209 49.5104 7.50208 22624.1
210 49.5365 7.52974 22424.1
211 49.5631 7.55789 22224
212 49.5901 7.58656 22024
213 49.6177 7.61575 21824
214 49.6458 7.64548 21624
215 49.6744 7.67576 21424
216 49.7035 7.70661 21224
217 49.7332 7.73805 21024.1
218 49.7635 7.77009 20824.1
219 49.7944 7.80274 20624.2
220 49.8259 7.83603 20424.3
221 49.858 7.86998 20224.4
222 49.8907 7.90461 20024.5
223 49.9242 7.93993 19824.6
224 49.9583 7.97596 19624.7
225 49.9931 8.01274 19424.9
226 50.0286 8.05028 19225
227 50.0649 8.0886 19025.2
228 50.102 8.12773 18825.4
229 50.1399 8.1677 18625.6
230 50.1786 8.20853 18425.8
231 50.2182 8.25025 18226.1
232 50.2586 8.2929 18026.3
233 50.3 8.33649 17826.6
234 50.3423 8.38107 17626.9
235 50.3856 8.42666 17427.3
236 50.4299 8.47331 17227.6
237 50.4753 8.52105 17028
238 50.5218 8.56991 16828.4
239 50.5693 8.61994 16628.8
240 50.6181 8.67118 16429.2
241 50.668 8.72367 16229.7
242 50.7193 8.77746 16030.2
243 50.7718 8.8326 15830.7
244 50.8257 8.88914 15631.2
245 50.881 8.94714 15431.8
246 50.9377 9.00664 15232.4
247 50.996 9.06772 15033
248 51.0559 9.13042 14833.7
249 51.1174 9.19483 14634.4
250 51.1806 9.261 14435.2
251 51.2457 9.32901 14235.9
252 51.3126 9.39894 14036.8
253 51.3814 9.47087 13837.6
254 51.4523 9.54488 13638.5
255 51.5254 9.62108 13439.5
256 51.6007 9.69954 13240.4
257 51.6783 9.78039 13041.5
258 51.7583 9.86372 12842.6
259 51.8409 9.94965 12643.7
260 51.9262 10.0383 12444.9
261 52.0143 10.1298 12246.2
262 52.1054 10.2243 12047.5
263 52.1996 10.322 11848.9
264 52.297 10.4229 11650.3
265 52.3979 10.5274 11451.9
266 52.5024 10.6354 11253.5
267 52.6108 10.7473 11055.1
268 52.7232 10.8633 10856.9
269 52.8399 10.9835 10658.7
270 52.9611 11.1082 10460.7
271 53.087 11.2377 10262.7
272 53.0938 11.4596 10066.6
273 52.9695 11.4858 9864.62
274 52.84 11.513 9662.66
275 52.7049 11.5413 9460.76
276 52.564 11.5708 9258.91
277 52.4167 11.6016 9057.12
278 52.2626 11.6336 8855.39
279 52.1013 11.6671 8653.73
280 51.9323 11.7021 8452.14
281 51.755 11.7387 8250.63
282 51.5688 11.7769 8049.2
283 51.3729 11.8171 7847.86
284 51.1667 11.8591 7646.62
285 50.9493 11.9033 7445.48
286 50.7197 11.9498 7244.46
287 50.4769 11.9987 7043.56
288 50.2198 12.0503 6842.79
289 49.9471 12.1047 6642.17
290 49.6572 12.1623 6441.7
291 49.3486 12.2231 6241.41
292 49.0194 12.2877 6041.32
293 48.6674 12.3562 5841.43
294 48.2904 12.4291 5641.78
295 47.8854 12.5067 5442.39
296 47.4494 12.5896 5243.29
297 46.9787 12.6782 5044.51
298 46.469 12.7731 4846.1
299 45.9155 12.8751 4648.09
300 45.3122 12.9847 4450.55
301 44.9795 13.5849 4257.38
302 44.9795 13.562 4051.23
303 44.9795 13.5365 3845.08
304 44.9795 13.5082 3638.94
305 44.9795 13.4765 3432.79
306 44.9795 13.4407 3226.65
307 44.9795 13.4001 3020.5
308 44.9795 13.3535 2814.36
309 44.9794 13.2995 2608.22
310 44.9794 13.2363 2402.09
311 44.9794 13.1612 2195.95
312 44.9794 13.0706 1989.82
313 44.9793 12.959 1783.7
314 44.9793 12.8182 1577.59
315 44.9792 12.6351 1371.48
316 44.9791 12.3873 1165.4
317 44.979 12.033 959.351
318 44.9788 11.4849 753.356
319 44.9785 10.5244 547.482
320 44.9778 8.40803 341.947
321 44.9751 0 138.272