0 65.7723 1.30601 21937.4
1 65.7299 1.31191 21838.8
2 65.6871 1.31786 21740.1
3 65.644 1.32387 21641.5
4 65.6004 1.32993 21542.9
5 65.5564 1.33605 21444.3
6 65.5121 1.34222 21345.7
7 65.4673 1.34845 21247.1
8 65.4221 1.35473 21148.5
9 65.3765 1.36108 21050
10 65.3304 1.36748 20951.4
11 65.2839 1.37394 20852.9
12 65.237 1.38046 20754.4
13 65.1896 1.38705 20655.9
14 65.1418 1.39369 20557.4
15 65.0935 1.4004 20459
16 65.0447 1.40717 20360.5
17 64.9955 1.41401 20262.1
18 64.9458 1.42092 20163.7
19 64.8956 1.42789 20065.2
20 64.8449 1.43492 19966.9
21 64.7937 1.44203 19868.5
22 64.742 1.44921 19770.1
23 64.6897 1.45645 19671.8
24 64.637 1.46377 19573.5
25 64.5837 1.47116 19475.2
26 64.5299 1.47862 19376.9
27 64.4755 1.48616 19278.6
28 64.4205 1.49378 19180.3
29 64.365 1.50147 19082.1
30 64.309 1.50924 18983.9
31 64.2523 1.51709 18885.7
32 64.1951 1.52502 18787.5
33 64.1372 1.53303 18689.4
34 64.0787 1.54112 18591.2
35 64.0197 1.5493 18493.1
36 63.9599 1.55757 18395
37 63.8996 1.56592 18296.9
38 63.8386 1.57436 18198.9
39 63.7769 1.58289 18100.8
40 63.7146 1.59151 18002.8
41 63.6515 1.60022 17904.8
42 63.5878 1.60903 17806.8
43 63.5234 1.61793 17708.9
44 63.4583 1.62693 17611
45 63.3924 1.63603 17513.1
46 63.3258 1.64522 17415.2
47 63.2584 1.65452 17317.3
48 63.1903 1.66392 17219.5
49 63.1214 1.67343 17121.7
50 63.0517 1.68305 17023.9
51 62.9811 1.69277 16926.2
52 62.9098 1.7026 16828.4
53 62.8377 1.71255 16730.7
54 62.7646 1.72261 16633.1
55 62.6908 1.73278 16535.4
56 62.616 1.74308 16437.8
57 62.5404 1.75349 16340.2
58 62.4638 1.76403 16242.6
59 62.3863 1.77468 16145.1
60 62.3079 1.78547 16047.6
61 62.2285 1.79638 15950.2
62 62.1482 1.80743 15852.7
63 62.0668 1.81861 15755.3
64 61.9844 1.82992 15657.9
65 61.901 1.84137 15560.6
66 61.8166 1.85296 15463.3
67 61.7311 1.8647 15366
68 61.6445 1.87657 15268.8
69 61.5567 1.8886 15171.6
70 61.4679 1.90078 15074.4
71 61.3779 1.91311 14977.3
72 61.2867 1.9256 14880.2
73 61.1943 1.93824 14783.2
74 61.1007 1.95105 14686.2
75 61.0058 1.96402 14589.2
76 60.9097 1.97716 14492.3
77 60.8123 1.99047 14395.4
78 60.7136 2.00396 14298.6
79 60.6135 2.01762 14201.8
80 60.512 2.03147 14105
81 60.4091 2.0455 14008.3
82 60.3048 2.05972 13911.7
83 60.1991 2.07413 13815
84 60.0918 2.08873 13718.5
85 59.9831 2.10354 13622
86 59.8727 2.11855 13525.5
87 59.7608 2.13377 13429.1
88 59.6473 2.14919 13332.7
89 59.5321 2.16484 13236.4
90 59.4152 2.1807 13140.2
91 59.2966 2.19679 13044
92 59.1762 2.21311 12947.8
93 59.0541 2.22966 12851.8
94 58.93 2.24646 12755.8
95 58.8041 2.26349 12659.8
96 58.6763 2.28078 12563.9
97 58.5465 2.29832 12468.1
98 58.4147 2.31611 12372.3
99 58.2809 2.33418 12276.6
100 58.1449 2.35251 12181
101 58.0068 2.37112 12085.5
102 57.8664 2.39002 11990
103 57.7238 2.4092 11894.6
104 57.5789 2.42867 11799.2
105 57.4317 2.44845 11704
106 57.282 2.46854 11608.8
107 57.1298 2.48894 11513.7
108 56.9751 2.50966 11418.7
109 56.8179 2.53071 11323.8
110 56.6579 2.5521 11229
111 56.4952 2.57383 11134.2
112 56.3297 2.59591 11039.6
113 56.1614 2.61835 10945
114 55.9901 2.64116 10850.6
115 55.8158 2.66434 10756.2
116 55.6384 2.68792 10662
117 55.4578 2.71188 10567.8
118 55.274 2.73625 10473.8
119 55.0869 2.76103 10379.8
120 54.8963 2.78623 10286
121 54.7022 2.81186 10192.3
122 54.5045 2.83794 10098.8
123 54.3031 2.86447 10005.3
124 54.0979 2.89146 9911.98
125 53.8888 2.91892 9818.79
126 53.6756 2.94688 9725.74
127 53.4584 2.97533 9632.82
128 53.2369 3.00429 9540.05
129 53.011 3.03377 9447.42
130 52.7807 3.06379 9354.95
131 52.5458 3.09435 9262.63
132 52.3061 3.12548 9170.47
133 52.0615 3.15718 9078.48
134 51.8119 3.18947 8986.66
135 51.5572 3.22237 8895.02
136 51.2971 3.25588 8803.56
137 51.0316 3.29003 8712.28
138 50.7604 3.32483 8621.2
139 50.4835 3.36029 8530.32
140 50.2005 3.39643 8439.65
141 49.9114 3.43327 8349.19
142 49.616 3.47083 8258.95
143 49.314 3.50913 8168.94
144 49.0052 3.54817 8079.16
145 48.6895 3.58799 7989.62
146 48.3666 3.62859 7900.34
147 48.0364 3.67 7811.31
148 47.6984 3.71224 7722.56
149 47.3526 3.75532 7634.08
150 46.9987 3.79928 7545.89
151 46.6364 3.84412 7457.99
152 46.2654 3.88987 7370.41
153 45.8855 3.93655 7283.15
154 45.4963 3.98418 7196.21
155 45.0976 4.03278 7109.62
156 44.7616 4.08506 7018.79
157 44.4952 4.14084 6924.4
158 44.2233 4.19812 6830.1
159 43.9436 4.25689 6735.96
160 43.656 4.31723 6642
161 43.3601 4.37918 6548.21
162 43.0556 4.44281 6454.61
163 42.7421 4.50818 6361.21
164 42.4191 4.57536 6268.01
165 42.0864 4.64441 6175.02
166 41.7434 4.7154 6082.25
167 41.3898 4.78842 5989.72
168 41.025 4.86353 5897.43
169 40.6485 4.94083 5805.4
170 40.2598 5.02038 5713.63
171 39.8583 5.10229 5622.14
172 39.4435 5.18664 5530.95
173 39.0147 5.27353 5440.07
174 38.5712 5.36306 5349.52
175 38.1123 5.45533 5259.3
176 37.6373 5.55045 5169.45
177 37.1454 5.64853 5079.97
178 36.6357 5.74968 4990.9
179 36.1073 5.85401 4902.25
180 35.5593 5.96166 4814.04
181 34.9907 6.07275 4726.3
182 34.4004 6.1874 4639.06
183 33.7872 6.30573 4552.34
184 33.1501 6.42789 4466.17
185 32.4876 6.55401 4380.6
186 31.7984 6.68421 4295.65
187 31.0812 6.81862 4211.36
188 30.3344 6.95738 4127.77
189 29.5564 7.1006 4044.92
190 28.7454 7.2484 3962.87
191 27.8999 7.40089 3881.66
192 27.0177 7.55816 3801.35
193 26.0971 7.72029 3721.98
194 25.1358 7.88733 3643.64
195 24.1318 8.05933 3566.38
196 23.0827 8.23627 3490.27
197 21.9863 8.41813 3415.4
198 20.84 8.60482 3341.84
199 19.6415 8.7962 3269.68