0 29.7449 1.42104 80647.4
1 29.7943 1.42982 80152.4
2 29.8443 1.43192 79657.2
3 29.895 1.43405 79162
4 29.9463 1.43621 78667
5 29.9982 1.43838 78172
6 30.0508 1.44059 77677
7 30.1041 1.44282 77182.1
8 30.158 1.44508 76687.3
9 30.2127 1.44737 76192.6
10 30.2681 1.44969 75697.9
11 30.3242 1.45204 75203.3
12 30.381 1.45441 74708.8
13 30.4386 1.45682 74214.4
14 30.497 1.45926 73720
15 30.5562 1.46173 73225.7
16 30.6161 1.46423 72731.5
17 30.6769 1.46676 72237.4
18 30.7386 1.46933 71743.3
19 30.801 1.47193 71249.3
20 30.8644 1.47456 70755.5
21 30.9286 1.47723 70261.7
22 30.9938 1.47994 69768
23 31.0599 1.48268 69274.3
24 31.1269 1.48546 68780.8
25 31.1949 1.48828 68287.4
26 31.2639 1.49113 67794.1
27 31.3339 1.49403 67300.9
28 31.405 1.49696 66807.7
29 31.477 1.49994 66314.7
30 31.5502 1.50296 65821.8
31 31.6245 1.50603 65329
32 31.6999 1.50913 64836.3
33 31.7765 1.51229 64343.7
34 31.8542 1.51548 63851.3
35 31.9332 1.51873 63358.9
36 32.0134 1.52202 62866.7
37 32.0948 1.52536 62374.6
38 32.1776 1.52875 61882.7
39 32.2616 1.5322 61390.8
40 32.3471 1.53569 60899.1
41 32.4339 1.53924 60407.6
42 32.5221 1.54284 59916.1
43 32.6119 1.5465 59424.9
44 32.7031 1.55022 58933.7
45 32.7958 1.55399 58442.8
46 32.8901 1.55783 57951.9
47 32.986 1.56172 57461.3
48 33.0836 1.56568 56970.8
49 33.1829 1.5697 56480.5
50 33.2839 1.57379 55990.3
51 33.3867 1.57794 55500.3
52 33.4913 1.58217 55010.5
53 33.5978 1.58646 54520.9
54 33.7062 1.59083 54031.5
55 33.8166 1.59527 53542.3
56 33.9291 1.59978 53053.3
57 34.0436 1.60438 52564.5
58 34.1603 1.60905 52075.9
59 34.2792 1.6138 51587.5
60 34.4004 1.61864 51099.3
61 34.5239 1.62357 50611.4
62 34.6499 1.62858 50123.7
63 34.7783 1.63368 49636.3
64 34.9092 1.63888 49149.1
65 35.0428 1.64417 48662.2
66 35.179 1.64956 48175.6
67 35.3181 1.65505 47689.2
68 35.46 1.66064 47203.2
69 35.6048 1.66634 46717.4
70 35.7527 1.67214 46231.9
71 35.9038 1.67806 45746.7
72 36.0581 1.68409 45261.9
73 36.2157 1.69024 44777.4
74 36.3768 1.69652 44293.2
75 36.5414 1.70291 43809.5
76 36.7097 1.70944 43326
77 36.8818 1.71609 42843
78 37.0578 1.72289 42360.3
79 37.2379 1.72982 41878.1
80 37.4222 1.7369 41396.3
81 37.6108 1.74412 40914.9
82 37.804 1.7515 40434
83 38.0017 1.75903 39953.5
84 38.2043 1.76673 39473.6
85 38.4119 1.77459 38994.1
86 38.6246 1.78262 38515.2
87 38.8427 1.79083 38036.8
88 39.0663 1.79922 37559
89 39.2957 1.8078 37081.7
90 39.5311 1.81657 36605.1
91 39.7727 1.82555 36129.1
92 40.0207 1.83473 35653.8
93 40.2755 1.84412 35179.1
94 40.5372 1.85372 34705.2
95 40.8061 1.86356 34232
96 41.0826 1.87363 33759.6
97 41.3669 1.88393 33288
98 41.6594 1.89449 32817.3
99 41.9604 1.9053 32347.4
100 42.2703 1.91637 31878.4
101 42.5894 1.92772 31410.4
102 42.9182 1.93934 30943.4
103 43.257 1.95126 30477.5
104 43.6064 1.96347 30012.6
105 43.9667 1.97599 29549
106 44.3385 1.98883 29086.5
107 44.7223 2.00199 28625.2
108 45.0039 2.03614 28145.4
109 45.0893 2.03585 27646.8
110 45.0893 2.03567 27146.4
111 45.0893 2.03549 26646.1
112 45.0893 2.0353 26145.8
113 45.0893 2.0351 25645.5
114 45.0893 2.03489 25145.2
115 45.0893 2.03468 24644.9
116 45.0893 2.03446 24144.5
117 45.0892 2.03423 23644.2
118 45.0892 2.03398 23143.9
119 45.0892 2.03373 22643.6
120 45.0892 2.03347 22143.3
121 45.0892 2.03319 21642.9
122 45.0892 2.0329 21142.6
123 45.0892 2.0326 20642.3
124 45.0892 2.03228 20142
125 45.0892 2.03195 19641.7
126 45.0892 2.03159 19141.3
127 45.0892 2.03122 18641
128 45.0892 2.03083 18140.7
129 45.0892 2.03042 17640.4
130 45.0892 2.02998 17140.1
131 45.0892 2.02952 16639.8
132 45.0892 2.02903 16139.4
133 45.0892 2.0285 15639.1
134 45.0891 2.02794 15138.8
135 45.0891 2.02735 14638.5
136 45.0891 2.02671 14138.2
137 45.0891 2.02602 13637.8
138 45.0891 2.02528 13137.5
139 45.0891 2.02448 12637.2
140 45.0891 2.02362 12136.9
141 45.0891 2.02268 11636.6
142 45.089 2.02166 11136.2
143 45.089 2.02055 10635.9
144 45.089 2.01932 10135.6
145 45.089 2.01796 9635.29
146 45.089 2.01646 9134.97
147 45.0889 2.01478 8634.65
148 45.0889 2.0129 8134.33
149 45.0889 2.01077 7634.02
150 45.0888 2.00834 7133.7
151 45.0888 2.00554 6633.38
152 45.0887 2.00229 6133.06
153 45.0887 1.99846 5632.74
154 45.0886 1.99389 5132.42
155 45.0885 1.98832 4632.1
156 45.0884 1.98141 4131.79
157 45.0883 1.97259 3631.47
158 45.0881 1.96095 3131.15
159 45.0878 1.94489 2630.83
160 45.0875 1.92129 2130.51
161 45.0868 1.88319 1630.2
162 45.0857 1.81136 1129.88
163 45.0828 1.62536 629.568
164 45.0569 -6.54829e-13 129.315